{
 "cells": [
  {
   "cell_type": "code",
   "execution_count": 1,
   "metadata": {},
   "outputs": [],
   "source": [
    "\n",
    "import numpy as np\n",
    "import angular_momentum\n",
    "import wigner_d\n",
    "import cg\n",
    "import math\n",
    "import random\n",
    "from wigner_d import WignerD\n",
    "from cg import ClebschGordanCoefficients\n",
    "from IPython.display import display\n"
   ]
  },
  {
   "cell_type": "markdown",
   "metadata": {},
   "source": [
    "# Angular momentum operators\n",
    "The angular momentum operators $J_x^{(j)}$, $J_y^{(j)}$, $J_z^{(j)}$, $J_+^{(j)}$, and $J_-^{(j)}$ in the bases $|j, m \\rangle$ given a $j \\in \\{ n / 2 \\mid n \\in \\mathbb{N} \\}$. We will use the natural unit such that $\\hbar = 1$."
   ]
  },
  {
   "cell_type": "code",
   "execution_count": 2,
   "metadata": {},
   "outputs": [
    {
     "data": {
      "text/plain": [
       "(array([[0. , 0.5],\n",
       "        [0.5, 0. ]]),\n",
       " array([[0.+0.j , 0.+0.5j],\n",
       "        [0.-0.5j, 0.+0.j ]]),\n",
       " array([[1., 0.],\n",
       "        [0., 1.]]))"
      ]
     },
     "execution_count": 2,
     "metadata": {},
     "output_type": "execute_result"
    }
   ],
   "source": [
    "j = 1/2\n",
    "angular_momentum.J_x(j), angular_momentum.J_y(j), angular_momentum.J_z(j)\n"
   ]
  },
  {
   "cell_type": "markdown",
   "metadata": {},
   "source": [
    "check that $\\left( j_y^{(j=1)} \\right)^3 = J_y^{(j=1)}$\n"
   ]
  },
  {
   "cell_type": "code",
   "execution_count": 3,
   "metadata": {},
   "outputs": [
    {
     "data": {
      "text/plain": [
       "array([[0.+0.00000000e+00j, 0.+1.11022302e-16j, 0.+0.00000000e+00j],\n",
       "       [0.-1.11022302e-16j, 0.+0.00000000e+00j, 0.+1.11022302e-16j],\n",
       "       [0.+0.00000000e+00j, 0.-1.11022302e-16j, 0.+0.00000000e+00j]])"
      ]
     },
     "execution_count": 3,
     "metadata": {},
     "output_type": "execute_result"
    }
   ],
   "source": [
    "j = 1\n",
    "np.linalg.matrix_power(angular_momentum.J_y(j), 3) - angular_momentum.J_y(j)  # should be zero up to machine precision\n"
   ]
  },
  {
   "cell_type": "code",
   "execution_count": 4,
   "metadata": {},
   "outputs": [
    {
     "data": {
      "text/plain": [
       "(array([[0.        , 0.        , 0.        ],\n",
       "        [1.41421356, 0.        , 0.        ],\n",
       "        [0.        , 1.41421356, 0.        ]]),\n",
       " array([[0.        , 1.41421356, 0.        ],\n",
       "        [0.        , 0.        , 1.41421356],\n",
       "        [0.        , 0.        , 0.        ]]))"
      ]
     },
     "execution_count": 4,
     "metadata": {},
     "output_type": "execute_result"
    }
   ],
   "source": [
    "angular_momentum.J_plus(1), angular_momentum.J_minus(1)"
   ]
  },
  {
   "cell_type": "markdown",
   "metadata": {},
   "source": [
    "# Wigner D matrices"
   ]
  },
  {
   "cell_type": "code",
   "execution_count": 5,
   "metadata": {},
   "outputs": [
    {
     "data": {
      "text/plain": [
       "array([[-1.,  0.],\n",
       "       [-0., -1.]])"
      ]
     },
     "execution_count": 5,
     "metadata": {},
     "output_type": "execute_result"
    }
   ],
   "source": [
    "# spin-1/2\n",
    "# gives -I after a full rotation\n",
    "j = 1 / 2\n",
    "beta = 2 * np.pi\n",
    "wigner_d.wigner_d(j, beta).round(12)\n"
   ]
  },
  {
   "cell_type": "code",
   "execution_count": 6,
   "metadata": {},
   "outputs": [
    {
     "data": {
      "text/plain": [
       "array([[ 1., -0.,  0.],\n",
       "       [ 0.,  1., -0.],\n",
       "       [ 0.,  0.,  1.]])"
      ]
     },
     "execution_count": 6,
     "metadata": {},
     "output_type": "execute_result"
    }
   ],
   "source": [
    "j = 1\n",
    "beta = 2 * np.pi\n",
    "wigner_d.wigner_d(j, beta).round(12)\n"
   ]
  },
  {
   "cell_type": "code",
   "execution_count": 7,
   "metadata": {},
   "outputs": [
    {
     "data": {
      "text/plain": [
       "array([[ 1.        ,  0.        ,  0.        ,  0.        ,  0.        ,\n",
       "         0.        ],\n",
       "       [ 0.        ,  0.92387953,  0.38268343,  0.        ,  0.        ,\n",
       "         0.        ],\n",
       "       [ 0.        , -0.38268343,  0.92387953,  0.        ,  0.        ,\n",
       "         0.        ],\n",
       "       [ 0.        ,  0.        ,  0.        ,  0.85355339,  0.5       ,\n",
       "         0.14644661],\n",
       "       [ 0.        ,  0.        ,  0.        , -0.5       ,  0.70710678,\n",
       "         0.5       ],\n",
       "       [ 0.        ,  0.        ,  0.        ,  0.14644661, -0.5       ,\n",
       "         0.85355339]])"
      ]
     },
     "execution_count": 7,
     "metadata": {},
     "output_type": "execute_result"
    }
   ],
   "source": [
    "# block diagonal form of wigner d up to j = 3/2 at beta = pi/4\n",
    "wigner_d.wigner_d_block_diag(jmax=3/2, beta=np.pi/4)\n"
   ]
  },
  {
   "cell_type": "code",
   "execution_count": 8,
   "metadata": {},
   "outputs": [
    {
     "data": {
      "text/plain": [
       "array([[0.+0.j, 0.+0.j, 0.+0.j],\n",
       "       [0.+0.j, 0.+0.j, 0.+0.j],\n",
       "       [0.+0.j, 0.+0.j, 0.+0.j]])"
      ]
     },
     "execution_count": 8,
     "metadata": {},
     "output_type": "execute_result"
    }
   ],
   "source": [
    "j = 1\n",
    "alpha = random.uniform(0, 2 * math.pi)\n",
    "beta = random.uniform(0, math.pi)\n",
    "gamma = random.uniform(0, 2 * math.pi)\n",
    "d = wigner_d.wigner_d(j, beta)\n",
    "# given a d, we can calculate the D matrix (and vice versa using wigner_d.wigner_d_from_D))\n",
    "wigner_d.wigner_D_from_d(d, alpha, gamma) - wigner_d.wigner_D(j, alpha, beta, gamma)\n"
   ]
  },
  {
   "cell_type": "code",
   "execution_count": 9,
   "metadata": {},
   "outputs": [
    {
     "data": {
      "text/plain": [
       "WignerDDict(jmax=2, alpha=[0.19648598], beta=[2.98365112], gamma=[1.63173564])"
      ]
     },
     "execution_count": 9,
     "metadata": {},
     "output_type": "execute_result"
    }
   ],
   "source": [
    "alpha = np.random.rand(1) * 2 * np.pi\n",
    "beta = np.random.rand(1) * np.pi\n",
    "gamma = np.random.rand(1) * 2 * np.pi\n",
    "wd = WignerD(jmax=2, alpha=alpha, beta=beta, gamma=gamma)\n",
    "wd"
   ]
  },
  {
   "cell_type": "code",
   "execution_count": 10,
   "metadata": {},
   "outputs": [
    {
     "data": {
      "text/plain": [
       "WignerDDict(jmax=3, alpha=[0.19648598], beta=[2.98365112], gamma=[1.63173564])"
      ]
     },
     "execution_count": 10,
     "metadata": {},
     "output_type": "execute_result"
    }
   ],
   "source": [
    "# update jmax and stores wigner matrices up to jmax\n",
    "wd.set_jmax(3)\n",
    "wd\n"
   ]
  },
  {
   "cell_type": "code",
   "execution_count": 11,
   "metadata": {},
   "outputs": [
    {
     "data": {
      "text/plain": [
       "array([[-0.00158443+0.00601836j,  0.1090778 +0.0217124j ,\n",
       "         0.13429099-0.98466126j],\n",
       "       [ 0.00677334-0.11101134j, -0.98755314+0.j        ,\n",
       "        -0.00677334-0.11101134j],\n",
       "       [ 0.13429099+0.98466126j, -0.1090778 +0.0217124j ,\n",
       "        -0.00158443-0.00601836j]])"
      ]
     },
     "execution_count": 11,
     "metadata": {},
     "output_type": "execute_result"
    }
   ],
   "source": [
    "# look up the wigner D matrix with j = 1\n",
    "wd.wigner_D(1)"
   ]
  },
  {
   "cell_type": "code",
   "execution_count": 12,
   "metadata": {},
   "outputs": [
    {
     "data": {
      "text/plain": [
       "array([[ 1.00000000e+00,  0.00000000e+00,  0.00000000e+00,\n",
       "         0.00000000e+00,  0.00000000e+00,  0.00000000e+00,\n",
       "         0.00000000e+00,  0.00000000e+00,  0.00000000e+00,\n",
       "         0.00000000e+00],\n",
       "       [ 0.00000000e+00,  7.88887091e-02,  9.96883429e-01,\n",
       "         0.00000000e+00,  0.00000000e+00,  0.00000000e+00,\n",
       "         0.00000000e+00,  0.00000000e+00,  0.00000000e+00,\n",
       "         0.00000000e+00],\n",
       "       [ 0.00000000e+00, -9.96883429e-01,  7.88887091e-02,\n",
       "         0.00000000e+00,  0.00000000e+00,  0.00000000e+00,\n",
       "         0.00000000e+00,  0.00000000e+00,  0.00000000e+00,\n",
       "         0.00000000e+00],\n",
       "       [ 0.00000000e+00,  0.00000000e+00,  0.00000000e+00,\n",
       "         6.22342842e-03,  1.11217781e-01,  9.93776572e-01,\n",
       "         0.00000000e+00,  0.00000000e+00,  0.00000000e+00,\n",
       "         0.00000000e+00],\n",
       "       [ 0.00000000e+00,  0.00000000e+00,  0.00000000e+00,\n",
       "        -1.11217781e-01, -9.87553143e-01,  1.11217781e-01,\n",
       "         0.00000000e+00,  0.00000000e+00,  0.00000000e+00,\n",
       "         0.00000000e+00],\n",
       "       [ 0.00000000e+00,  0.00000000e+00,  0.00000000e+00,\n",
       "         9.93776572e-01, -1.11217781e-01,  6.22342842e-03,\n",
       "         0.00000000e+00,  0.00000000e+00,  0.00000000e+00,\n",
       "         0.00000000e+00],\n",
       "       [ 0.00000000e+00,  0.00000000e+00,  0.00000000e+00,\n",
       "         0.00000000e+00,  0.00000000e+00,  0.00000000e+00,\n",
       "         4.90958234e-04,  1.07456998e-02,  1.35788888e-01,\n",
       "         9.90679397e-01],\n",
       "       [ 0.00000000e+00,  0.00000000e+00,  0.00000000e+00,\n",
       "         0.00000000e+00,  0.00000000e+00,  0.00000000e+00,\n",
       "        -1.07456998e-02, -1.56304543e-01, -9.78271331e-01,\n",
       "         1.35788888e-01],\n",
       "       [ 0.00000000e+00,  0.00000000e+00,  0.00000000e+00,\n",
       "         0.00000000e+00,  0.00000000e+00,  0.00000000e+00,\n",
       "         1.35788888e-01,  9.78271331e-01, -1.56304543e-01,\n",
       "         1.07456998e-02],\n",
       "       [ 0.00000000e+00,  0.00000000e+00,  0.00000000e+00,\n",
       "         0.00000000e+00,  0.00000000e+00,  0.00000000e+00,\n",
       "        -9.90679397e-01,  1.35788888e-01, -1.07456998e-02,\n",
       "         4.90958234e-04]])"
      ]
     },
     "execution_count": 12,
     "metadata": {},
     "output_type": "execute_result"
    }
   ],
   "source": [
    "# block diagonal wigner d matrix up to j = 3/2\n",
    "wd.get_d_block(jmax=3/2)"
   ]
  },
  {
   "cell_type": "code",
   "execution_count": 13,
   "metadata": {},
   "outputs": [],
   "source": [
    "# set a new angles\n",
    "alpha = np.random.rand(1) * 2 * np.pi\n",
    "beta = np.random.rand(1) * np.pi\n",
    "gamma = np.random.rand(1) * 2 * np.pi\n",
    "\n",
    "wd.set_alpha(alpha)\n",
    "wd.set_beta(beta)\n",
    "wd.set_gamma(gamma)\n"
   ]
  },
  {
   "cell_type": "code",
   "execution_count": 14,
   "metadata": {},
   "outputs": [
    {
     "data": {
      "text/plain": [
       "{0.0: array([[1.]]),\n",
       " 0.5: array([[ 0.17383206,  0.98477531],\n",
       "        [-0.98477531,  0.17383206]]),\n",
       " 1.0: array([[ 0.03021759,  0.24209289,  0.96978241],\n",
       "        [-0.24209289, -0.93956483,  0.24209289],\n",
       "        [ 0.96978241, -0.24209289,  0.03021759]]),\n",
       " 1.5: array([[ 0.00525279,  0.05154156,  0.29198788,  0.95501778],\n",
       "        [-0.05154156, -0.33190577, -0.89550271,  0.29198788],\n",
       "        [ 0.29198788,  0.89550271, -0.33190577,  0.05154156],\n",
       "        [-0.95501778,  0.29198788, -0.05154156,  0.00525279]]),\n",
       " 2.0: array([[ 9.13102531e-04,  1.03456268e-02,  7.17810328e-02,\n",
       "          3.32025423e-01,  9.40477930e-01],\n",
       "        [-1.03456268e-02, -8.70003492e-02, -3.93975681e-01,\n",
       "         -8.52564478e-01,  3.32025423e-01],\n",
       "        [ 7.17810328e-02,  3.93975681e-01,  8.24173096e-01,\n",
       "         -3.93975681e-01,  7.17810328e-02],\n",
       "        [-3.32025423e-01, -8.52564478e-01,  3.93975681e-01,\n",
       "         -8.70003492e-02,  1.03456268e-02],\n",
       "        [ 9.40477930e-01, -3.32025423e-01,  7.17810328e-02,\n",
       "         -1.03456268e-02,  9.13102531e-04]]),\n",
       " 2.5: array([[ 1.58726498e-04,  2.01067418e-03,  1.61088287e-02,\n",
       "          9.12580595e-02,  3.65564064e-01,  9.26159446e-01],\n",
       "        [-2.01067418e-03, -2.02175092e-02, -1.19892211e-01,\n",
       "         -4.40793768e-01, -8.10726117e-01,  3.65564064e-01],\n",
       "        [ 1.61088287e-02,  1.19892211e-01,  4.60050032e-01,\n",
       "          7.55707055e-01, -4.40793768e-01,  9.12580595e-02],\n",
       "        [-9.12580595e-02, -4.40793768e-01, -7.55707055e-01,\n",
       "          4.60050032e-01, -1.19892211e-01,  1.61088287e-02],\n",
       "        [ 3.65564064e-01,  8.10726117e-01, -4.40793768e-01,\n",
       "          1.19892211e-01, -2.02175092e-02,  2.01067418e-03],\n",
       "        [-9.26159446e-01,  3.65564064e-01, -9.12580595e-02,\n",
       "          1.61088287e-02, -2.01067418e-03,  1.58726498e-04]]),\n",
       " 3.0: array([[ 2.75917547e-05,  3.82879585e-04,  3.42956849e-03,\n",
       "          2.24344855e-02,  1.10066210e-01,  3.94358560e-01,\n",
       "          9.12058956e-01],\n",
       "        [-3.82879585e-04, -4.39996213e-03, -3.12328582e-02,\n",
       "         -1.50806984e-01, -4.77387558e-01, -7.69964091e-01,\n",
       "          3.94358560e-01],\n",
       "        [ 3.42956849e-03,  3.12328582e-02,  1.63457344e-01,\n",
       "          5.06115664e-01,  6.90020236e-01, -4.77387558e-01,\n",
       "          1.10066210e-01],\n",
       "        [-2.24344855e-02, -1.50806984e-01, -5.06115664e-01,\n",
       "         -6.64230203e-01,  5.06115664e-01, -1.50806984e-01,\n",
       "          2.24344855e-02],\n",
       "        [ 1.10066210e-01,  4.77387558e-01,  6.90020236e-01,\n",
       "         -5.06115664e-01,  1.63457344e-01, -3.12328582e-02,\n",
       "          3.42956849e-03],\n",
       "        [-3.94358560e-01, -7.69964091e-01,  4.77387558e-01,\n",
       "         -1.50806984e-01,  3.12328582e-02, -4.39996213e-03,\n",
       "          3.82879585e-04],\n",
       "        [ 9.12058956e-01, -3.94358560e-01,  1.10066210e-01,\n",
       "         -2.24344855e-02,  3.42956849e-03, -3.82879585e-04,\n",
       "          2.75917547e-05]])}"
      ]
     },
     "execution_count": 14,
     "metadata": {},
     "output_type": "execute_result"
    }
   ],
   "source": [
    "# a dictionary of all stored little d matrices\n",
    "wd.d"
   ]
  },
  {
   "cell_type": "markdown",
   "metadata": {},
   "source": [
    "# Clebsch-Gordan coefficients\n",
    "The CG coefficient $\\langle j_1, j_2; m_1, m_2 | j_1, j_2; j, m \\rangle$"
   ]
  },
  {
   "cell_type": "code",
   "execution_count": 15,
   "metadata": {},
   "outputs": [
    {
     "data": {
      "text/plain": [
       "0.7071067811865476"
      ]
     },
     "execution_count": 15,
     "metadata": {},
     "output_type": "execute_result"
    }
   ],
   "source": [
    "# compute a single Clebsch-Gordan coefficient\n",
    "cg.cg_coefficient(\n",
    "    j1=1/2, j2=1/2,\n",
    "    m=0, j=1,\n",
    "    m1=-1/2, m2=1/2\n",
    ")"
   ]
  },
  {
   "cell_type": "code",
   "execution_count": 16,
   "metadata": {},
   "outputs": [
    {
     "data": {
      "text/html": [
       "<div>\n",
       "<style scoped>\n",
       "    .dataframe tbody tr th:only-of-type {\n",
       "        vertical-align: middle;\n",
       "    }\n",
       "\n",
       "    .dataframe tbody tr th {\n",
       "        vertical-align: top;\n",
       "    }\n",
       "\n",
       "    .dataframe thead th {\n",
       "        text-align: right;\n",
       "    }\n",
       "</style>\n",
       "<table border=\"1\" class=\"dataframe\">\n",
       "  <thead>\n",
       "    <tr style=\"text-align: right;\">\n",
       "      <th>j</th>\n",
       "      <th>1.0</th>\n",
       "    </tr>\n",
       "    <tr>\n",
       "      <th>(m1, m2)</th>\n",
       "      <th></th>\n",
       "    </tr>\n",
       "  </thead>\n",
       "  <tbody>\n",
       "  </tbody>\n",
       "</table>\n",
       "</div>"
      ],
      "text/plain": [
       "Empty DataFrame\n",
       "Columns: [1.0]\n",
       "Index: []"
      ]
     },
     "execution_count": 16,
     "metadata": {},
     "output_type": "execute_result"
    }
   ],
   "source": [
    "# display a table of Clebsch-Gordan coefficients given j1, j2, and m\n",
    "# should be empty: https://en.wikipedia.org/wiki/Table_of_Clebsch%E2%80%93Gordan_coefficients\n",
    "cg.cg_table(j1=1, j2=0, m=1/2)\n"
   ]
  },
  {
   "cell_type": "code",
   "execution_count": 17,
   "metadata": {},
   "outputs": [
    {
     "data": {
      "text/html": [
       "<div>\n",
       "<style scoped>\n",
       "    .dataframe tbody tr th:only-of-type {\n",
       "        vertical-align: middle;\n",
       "    }\n",
       "\n",
       "    .dataframe tbody tr th {\n",
       "        vertical-align: top;\n",
       "    }\n",
       "\n",
       "    .dataframe thead th {\n",
       "        text-align: right;\n",
       "    }\n",
       "</style>\n",
       "<table border=\"1\" class=\"dataframe\">\n",
       "  <thead>\n",
       "    <tr style=\"text-align: right;\">\n",
       "      <th>j</th>\n",
       "      <th>0.5</th>\n",
       "      <th>1.5</th>\n",
       "    </tr>\n",
       "    <tr>\n",
       "      <th>(m1, m2)</th>\n",
       "      <th></th>\n",
       "      <th></th>\n",
       "    </tr>\n",
       "  </thead>\n",
       "  <tbody>\n",
       "    <tr>\n",
       "      <th>(0.0, 0.5)</th>\n",
       "      <td>-0.577350</td>\n",
       "      <td>0.816497</td>\n",
       "    </tr>\n",
       "    <tr>\n",
       "      <th>(1.0, -0.5)</th>\n",
       "      <td>0.816497</td>\n",
       "      <td>0.577350</td>\n",
       "    </tr>\n",
       "  </tbody>\n",
       "</table>\n",
       "</div>"
      ],
      "text/plain": [
       "j                 0.5       1.5\n",
       "(m1, m2)                       \n",
       "(0.0, 0.5)  -0.577350  0.816497\n",
       "(1.0, -0.5)  0.816497  0.577350"
      ]
     },
     "execution_count": 17,
     "metadata": {},
     "output_type": "execute_result"
    }
   ],
   "source": [
    "# https://en.wikipedia.org/wiki/Table_of_Clebsch%E2%80%93Gordan_coefficients\n",
    "cg.cg_table(j1=1, j2=1/2, m=1/2)"
   ]
  },
  {
   "cell_type": "code",
   "execution_count": 18,
   "metadata": {},
   "outputs": [
    {
     "name": "stdout",
     "output_type": "stream",
     "text": [
      "j1 = 0.5, j2 = 0.5\n",
      "m = -1.0:\n"
     ]
    },
    {
     "data": {
      "text/html": [
       "<div>\n",
       "<style scoped>\n",
       "    .dataframe tbody tr th:only-of-type {\n",
       "        vertical-align: middle;\n",
       "    }\n",
       "\n",
       "    .dataframe tbody tr th {\n",
       "        vertical-align: top;\n",
       "    }\n",
       "\n",
       "    .dataframe thead th {\n",
       "        text-align: right;\n",
       "    }\n",
       "</style>\n",
       "<table border=\"1\" class=\"dataframe\">\n",
       "  <thead>\n",
       "    <tr style=\"text-align: right;\">\n",
       "      <th>j</th>\n",
       "      <th>1.0</th>\n",
       "    </tr>\n",
       "    <tr>\n",
       "      <th>(m1, m2)</th>\n",
       "      <th></th>\n",
       "    </tr>\n",
       "  </thead>\n",
       "  <tbody>\n",
       "    <tr>\n",
       "      <th>(-0.5, -0.5)</th>\n",
       "      <td>1.0</td>\n",
       "    </tr>\n",
       "  </tbody>\n",
       "</table>\n",
       "</div>"
      ],
      "text/plain": [
       "j             1.0\n",
       "(m1, m2)         \n",
       "(-0.5, -0.5)  1.0"
      ]
     },
     "metadata": {},
     "output_type": "display_data"
    },
    {
     "name": "stdout",
     "output_type": "stream",
     "text": [
      "m = 0.0:\n"
     ]
    },
    {
     "data": {
      "text/html": [
       "<div>\n",
       "<style scoped>\n",
       "    .dataframe tbody tr th:only-of-type {\n",
       "        vertical-align: middle;\n",
       "    }\n",
       "\n",
       "    .dataframe tbody tr th {\n",
       "        vertical-align: top;\n",
       "    }\n",
       "\n",
       "    .dataframe thead th {\n",
       "        text-align: right;\n",
       "    }\n",
       "</style>\n",
       "<table border=\"1\" class=\"dataframe\">\n",
       "  <thead>\n",
       "    <tr style=\"text-align: right;\">\n",
       "      <th>j</th>\n",
       "      <th>0.0</th>\n",
       "      <th>1.0</th>\n",
       "    </tr>\n",
       "    <tr>\n",
       "      <th>(m1, m2)</th>\n",
       "      <th></th>\n",
       "      <th></th>\n",
       "    </tr>\n",
       "  </thead>\n",
       "  <tbody>\n",
       "    <tr>\n",
       "      <th>(-0.5, 0.5)</th>\n",
       "      <td>-0.707107</td>\n",
       "      <td>0.707107</td>\n",
       "    </tr>\n",
       "    <tr>\n",
       "      <th>(0.5, -0.5)</th>\n",
       "      <td>0.707107</td>\n",
       "      <td>0.707107</td>\n",
       "    </tr>\n",
       "  </tbody>\n",
       "</table>\n",
       "</div>"
      ],
      "text/plain": [
       "j                 0.0       1.0\n",
       "(m1, m2)                       \n",
       "(-0.5, 0.5) -0.707107  0.707107\n",
       "(0.5, -0.5)  0.707107  0.707107"
      ]
     },
     "metadata": {},
     "output_type": "display_data"
    },
    {
     "name": "stdout",
     "output_type": "stream",
     "text": [
      "m = 1.0:\n"
     ]
    },
    {
     "data": {
      "text/html": [
       "<div>\n",
       "<style scoped>\n",
       "    .dataframe tbody tr th:only-of-type {\n",
       "        vertical-align: middle;\n",
       "    }\n",
       "\n",
       "    .dataframe tbody tr th {\n",
       "        vertical-align: top;\n",
       "    }\n",
       "\n",
       "    .dataframe thead th {\n",
       "        text-align: right;\n",
       "    }\n",
       "</style>\n",
       "<table border=\"1\" class=\"dataframe\">\n",
       "  <thead>\n",
       "    <tr style=\"text-align: right;\">\n",
       "      <th>j</th>\n",
       "      <th>1.0</th>\n",
       "    </tr>\n",
       "    <tr>\n",
       "      <th>(m1, m2)</th>\n",
       "      <th></th>\n",
       "    </tr>\n",
       "  </thead>\n",
       "  <tbody>\n",
       "    <tr>\n",
       "      <th>(0.5, 0.5)</th>\n",
       "      <td>1.0</td>\n",
       "    </tr>\n",
       "  </tbody>\n",
       "</table>\n",
       "</div>"
      ],
      "text/plain": [
       "j           1.0\n",
       "(m1, m2)       \n",
       "(0.5, 0.5)  1.0"
      ]
     },
     "metadata": {},
     "output_type": "display_data"
    }
   ],
   "source": [
    "# CG table with all possible m's\n",
    "# returns a dict of pd.DataFrame\n",
    "_ = cg.cg_tables_all_m(1/2, 1/2, display_tables=True)"
   ]
  },
  {
   "cell_type": "code",
   "execution_count": 19,
   "metadata": {},
   "outputs": [
    {
     "data": {
      "text/html": [
       "<div>\n",
       "<style scoped>\n",
       "    .dataframe tbody tr th:only-of-type {\n",
       "        vertical-align: middle;\n",
       "    }\n",
       "\n",
       "    .dataframe tbody tr th {\n",
       "        vertical-align: top;\n",
       "    }\n",
       "\n",
       "    .dataframe thead th {\n",
       "        text-align: right;\n",
       "    }\n",
       "</style>\n",
       "<table border=\"1\" class=\"dataframe\">\n",
       "  <thead>\n",
       "    <tr style=\"text-align: right;\">\n",
       "      <th>j</th>\n",
       "      <th>1.0</th>\n",
       "    </tr>\n",
       "    <tr>\n",
       "      <th>(m1, m2)</th>\n",
       "      <th></th>\n",
       "    </tr>\n",
       "  </thead>\n",
       "  <tbody>\n",
       "    <tr>\n",
       "      <th>(0.5, 0.5)</th>\n",
       "      <td>1.0</td>\n",
       "    </tr>\n",
       "  </tbody>\n",
       "</table>\n",
       "</div>"
      ],
      "text/plain": [
       "j           1.0\n",
       "(m1, m2)       \n",
       "(0.5, 0.5)  1.0"
      ]
     },
     "execution_count": 19,
     "metadata": {},
     "output_type": "execute_result"
    }
   ],
   "source": [
    "# stores all CG coefficients up to jmax=2\n",
    "cg_table = ClebschGordanCoefficients(jmax=2)\n",
    "# get the pd.DataFrame for the CG coefficients for j1 = j2 = 1/2 and m = 1\n",
    "cg_table[0.5, 0.5, 1]\n"
   ]
  },
  {
   "cell_type": "code",
   "execution_count": 20,
   "metadata": {},
   "outputs": [
    {
     "data": {
      "text/plain": [
       "ClebschGordanCoefficients(jmax=2)"
      ]
     },
     "execution_count": 20,
     "metadata": {},
     "output_type": "execute_result"
    }
   ],
   "source": [
    "cg_table\n"
   ]
  },
  {
   "cell_type": "code",
   "execution_count": 21,
   "metadata": {},
   "outputs": [
    {
     "data": {
      "text/plain": [
       "ClebschGordanCoefficients(jmax=2.5)"
      ]
     },
     "execution_count": 21,
     "metadata": {},
     "output_type": "execute_result"
    }
   ],
   "source": [
    "cg_table[5/2, 1]  # out of range -> update jmax to 5/2 automatically\n",
    "cg_table"
   ]
  },
  {
   "cell_type": "code",
   "execution_count": 22,
   "metadata": {},
   "outputs": [
    {
     "name": "stdout",
     "output_type": "stream",
     "text": [
      "m = -2.0:\n"
     ]
    },
    {
     "data": {
      "text/html": [
       "<div>\n",
       "<style scoped>\n",
       "    .dataframe tbody tr th:only-of-type {\n",
       "        vertical-align: middle;\n",
       "    }\n",
       "\n",
       "    .dataframe tbody tr th {\n",
       "        vertical-align: top;\n",
       "    }\n",
       "\n",
       "    .dataframe thead th {\n",
       "        text-align: right;\n",
       "    }\n",
       "</style>\n",
       "<table border=\"1\" class=\"dataframe\">\n",
       "  <thead>\n",
       "    <tr style=\"text-align: right;\">\n",
       "      <th>j</th>\n",
       "      <th>2.0</th>\n",
       "    </tr>\n",
       "    <tr>\n",
       "      <th>(m1, m2)</th>\n",
       "      <th></th>\n",
       "    </tr>\n",
       "  </thead>\n",
       "  <tbody>\n",
       "    <tr>\n",
       "      <th>(-1.0, -1.0)</th>\n",
       "      <td>1.0</td>\n",
       "    </tr>\n",
       "  </tbody>\n",
       "</table>\n",
       "</div>"
      ],
      "text/plain": [
       "j             2.0\n",
       "(m1, m2)         \n",
       "(-1.0, -1.0)  1.0"
      ]
     },
     "metadata": {},
     "output_type": "display_data"
    },
    {
     "name": "stdout",
     "output_type": "stream",
     "text": [
      "m = -1.0:\n"
     ]
    },
    {
     "data": {
      "text/html": [
       "<div>\n",
       "<style scoped>\n",
       "    .dataframe tbody tr th:only-of-type {\n",
       "        vertical-align: middle;\n",
       "    }\n",
       "\n",
       "    .dataframe tbody tr th {\n",
       "        vertical-align: top;\n",
       "    }\n",
       "\n",
       "    .dataframe thead th {\n",
       "        text-align: right;\n",
       "    }\n",
       "</style>\n",
       "<table border=\"1\" class=\"dataframe\">\n",
       "  <thead>\n",
       "    <tr style=\"text-align: right;\">\n",
       "      <th>j</th>\n",
       "      <th>1.0</th>\n",
       "      <th>2.0</th>\n",
       "    </tr>\n",
       "    <tr>\n",
       "      <th>(m1, m2)</th>\n",
       "      <th></th>\n",
       "      <th></th>\n",
       "    </tr>\n",
       "  </thead>\n",
       "  <tbody>\n",
       "    <tr>\n",
       "      <th>(-1.0, 0.0)</th>\n",
       "      <td>-0.707107</td>\n",
       "      <td>0.707107</td>\n",
       "    </tr>\n",
       "    <tr>\n",
       "      <th>(0.0, -1.0)</th>\n",
       "      <td>0.707107</td>\n",
       "      <td>0.707107</td>\n",
       "    </tr>\n",
       "  </tbody>\n",
       "</table>\n",
       "</div>"
      ],
      "text/plain": [
       "j                 1.0       2.0\n",
       "(m1, m2)                       \n",
       "(-1.0, 0.0) -0.707107  0.707107\n",
       "(0.0, -1.0)  0.707107  0.707107"
      ]
     },
     "metadata": {},
     "output_type": "display_data"
    },
    {
     "name": "stdout",
     "output_type": "stream",
     "text": [
      "m = 0.0:\n"
     ]
    },
    {
     "data": {
      "text/html": [
       "<div>\n",
       "<style scoped>\n",
       "    .dataframe tbody tr th:only-of-type {\n",
       "        vertical-align: middle;\n",
       "    }\n",
       "\n",
       "    .dataframe tbody tr th {\n",
       "        vertical-align: top;\n",
       "    }\n",
       "\n",
       "    .dataframe thead th {\n",
       "        text-align: right;\n",
       "    }\n",
       "</style>\n",
       "<table border=\"1\" class=\"dataframe\">\n",
       "  <thead>\n",
       "    <tr style=\"text-align: right;\">\n",
       "      <th>j</th>\n",
       "      <th>0.0</th>\n",
       "      <th>1.0</th>\n",
       "      <th>2.0</th>\n",
       "    </tr>\n",
       "    <tr>\n",
       "      <th>(m1, m2)</th>\n",
       "      <th></th>\n",
       "      <th></th>\n",
       "      <th></th>\n",
       "    </tr>\n",
       "  </thead>\n",
       "  <tbody>\n",
       "    <tr>\n",
       "      <th>(-1.0, 1.0)</th>\n",
       "      <td>0.57735</td>\n",
       "      <td>-0.707107</td>\n",
       "      <td>0.408248</td>\n",
       "    </tr>\n",
       "    <tr>\n",
       "      <th>(0.0, 0.0)</th>\n",
       "      <td>-0.57735</td>\n",
       "      <td>0.000000</td>\n",
       "      <td>0.816497</td>\n",
       "    </tr>\n",
       "    <tr>\n",
       "      <th>(1.0, -1.0)</th>\n",
       "      <td>0.57735</td>\n",
       "      <td>0.707107</td>\n",
       "      <td>0.408248</td>\n",
       "    </tr>\n",
       "  </tbody>\n",
       "</table>\n",
       "</div>"
      ],
      "text/plain": [
       "j                0.0       1.0       2.0\n",
       "(m1, m2)                                \n",
       "(-1.0, 1.0)  0.57735 -0.707107  0.408248\n",
       "(0.0, 0.0)  -0.57735  0.000000  0.816497\n",
       "(1.0, -1.0)  0.57735  0.707107  0.408248"
      ]
     },
     "metadata": {},
     "output_type": "display_data"
    },
    {
     "name": "stdout",
     "output_type": "stream",
     "text": [
      "m = 1.0:\n"
     ]
    },
    {
     "data": {
      "text/html": [
       "<div>\n",
       "<style scoped>\n",
       "    .dataframe tbody tr th:only-of-type {\n",
       "        vertical-align: middle;\n",
       "    }\n",
       "\n",
       "    .dataframe tbody tr th {\n",
       "        vertical-align: top;\n",
       "    }\n",
       "\n",
       "    .dataframe thead th {\n",
       "        text-align: right;\n",
       "    }\n",
       "</style>\n",
       "<table border=\"1\" class=\"dataframe\">\n",
       "  <thead>\n",
       "    <tr style=\"text-align: right;\">\n",
       "      <th>j</th>\n",
       "      <th>1.0</th>\n",
       "      <th>2.0</th>\n",
       "    </tr>\n",
       "    <tr>\n",
       "      <th>(m1, m2)</th>\n",
       "      <th></th>\n",
       "      <th></th>\n",
       "    </tr>\n",
       "  </thead>\n",
       "  <tbody>\n",
       "    <tr>\n",
       "      <th>(0.0, 1.0)</th>\n",
       "      <td>-0.707107</td>\n",
       "      <td>0.707107</td>\n",
       "    </tr>\n",
       "    <tr>\n",
       "      <th>(1.0, 0.0)</th>\n",
       "      <td>0.707107</td>\n",
       "      <td>0.707107</td>\n",
       "    </tr>\n",
       "  </tbody>\n",
       "</table>\n",
       "</div>"
      ],
      "text/plain": [
       "j                1.0       2.0\n",
       "(m1, m2)                      \n",
       "(0.0, 1.0) -0.707107  0.707107\n",
       "(1.0, 0.0)  0.707107  0.707107"
      ]
     },
     "metadata": {},
     "output_type": "display_data"
    },
    {
     "name": "stdout",
     "output_type": "stream",
     "text": [
      "m = 2.0:\n"
     ]
    },
    {
     "data": {
      "text/html": [
       "<div>\n",
       "<style scoped>\n",
       "    .dataframe tbody tr th:only-of-type {\n",
       "        vertical-align: middle;\n",
       "    }\n",
       "\n",
       "    .dataframe tbody tr th {\n",
       "        vertical-align: top;\n",
       "    }\n",
       "\n",
       "    .dataframe thead th {\n",
       "        text-align: right;\n",
       "    }\n",
       "</style>\n",
       "<table border=\"1\" class=\"dataframe\">\n",
       "  <thead>\n",
       "    <tr style=\"text-align: right;\">\n",
       "      <th>j</th>\n",
       "      <th>2.0</th>\n",
       "    </tr>\n",
       "    <tr>\n",
       "      <th>(m1, m2)</th>\n",
       "      <th></th>\n",
       "    </tr>\n",
       "  </thead>\n",
       "  <tbody>\n",
       "    <tr>\n",
       "      <th>(1.0, 1.0)</th>\n",
       "      <td>1.0</td>\n",
       "    </tr>\n",
       "  </tbody>\n",
       "</table>\n",
       "</div>"
      ],
      "text/plain": [
       "j           2.0\n",
       "(m1, m2)       \n",
       "(1.0, 1.0)  1.0"
      ]
     },
     "metadata": {},
     "output_type": "display_data"
    }
   ],
   "source": [
    "# displays the computed CG table with j1 = j2 = 1\n",
    "for t in cg_table[1, 1].items():\n",
    "    print(f'm = {t[0]}:')\n",
    "    display(t[1])\n"
   ]
  },
  {
   "cell_type": "code",
   "execution_count": 23,
   "metadata": {},
   "outputs": [
    {
     "name": "stdout",
     "output_type": "stream",
     "text": [
      "j1 = 1.5, j2 = 0.5\n",
      "m = -2.0:\n"
     ]
    },
    {
     "data": {
      "text/html": [
       "<div>\n",
       "<style scoped>\n",
       "    .dataframe tbody tr th:only-of-type {\n",
       "        vertical-align: middle;\n",
       "    }\n",
       "\n",
       "    .dataframe tbody tr th {\n",
       "        vertical-align: top;\n",
       "    }\n",
       "\n",
       "    .dataframe thead th {\n",
       "        text-align: right;\n",
       "    }\n",
       "</style>\n",
       "<table border=\"1\" class=\"dataframe\">\n",
       "  <thead>\n",
       "    <tr style=\"text-align: right;\">\n",
       "      <th>j</th>\n",
       "      <th>2.0</th>\n",
       "    </tr>\n",
       "    <tr>\n",
       "      <th>(m1, m2)</th>\n",
       "      <th></th>\n",
       "    </tr>\n",
       "  </thead>\n",
       "  <tbody>\n",
       "    <tr>\n",
       "      <th>(-1.5, -0.5)</th>\n",
       "      <td>1.0</td>\n",
       "    </tr>\n",
       "  </tbody>\n",
       "</table>\n",
       "</div>"
      ],
      "text/plain": [
       "j             2.0\n",
       "(m1, m2)         \n",
       "(-1.5, -0.5)  1.0"
      ]
     },
     "metadata": {},
     "output_type": "display_data"
    },
    {
     "name": "stdout",
     "output_type": "stream",
     "text": [
      "m = -1.0:\n"
     ]
    },
    {
     "data": {
      "text/html": [
       "<div>\n",
       "<style scoped>\n",
       "    .dataframe tbody tr th:only-of-type {\n",
       "        vertical-align: middle;\n",
       "    }\n",
       "\n",
       "    .dataframe tbody tr th {\n",
       "        vertical-align: top;\n",
       "    }\n",
       "\n",
       "    .dataframe thead th {\n",
       "        text-align: right;\n",
       "    }\n",
       "</style>\n",
       "<table border=\"1\" class=\"dataframe\">\n",
       "  <thead>\n",
       "    <tr style=\"text-align: right;\">\n",
       "      <th>j</th>\n",
       "      <th>1.0</th>\n",
       "      <th>2.0</th>\n",
       "    </tr>\n",
       "    <tr>\n",
       "      <th>(m1, m2)</th>\n",
       "      <th></th>\n",
       "      <th></th>\n",
       "    </tr>\n",
       "  </thead>\n",
       "  <tbody>\n",
       "    <tr>\n",
       "      <th>(-1.5, 0.5)</th>\n",
       "      <td>-0.866025</td>\n",
       "      <td>0.500000</td>\n",
       "    </tr>\n",
       "    <tr>\n",
       "      <th>(-0.5, -0.5)</th>\n",
       "      <td>0.500000</td>\n",
       "      <td>0.866025</td>\n",
       "    </tr>\n",
       "  </tbody>\n",
       "</table>\n",
       "</div>"
      ],
      "text/plain": [
       "j                  1.0       2.0\n",
       "(m1, m2)                        \n",
       "(-1.5, 0.5)  -0.866025  0.500000\n",
       "(-0.5, -0.5)  0.500000  0.866025"
      ]
     },
     "metadata": {},
     "output_type": "display_data"
    },
    {
     "name": "stdout",
     "output_type": "stream",
     "text": [
      "m = 0.0:\n"
     ]
    },
    {
     "data": {
      "text/html": [
       "<div>\n",
       "<style scoped>\n",
       "    .dataframe tbody tr th:only-of-type {\n",
       "        vertical-align: middle;\n",
       "    }\n",
       "\n",
       "    .dataframe tbody tr th {\n",
       "        vertical-align: top;\n",
       "    }\n",
       "\n",
       "    .dataframe thead th {\n",
       "        text-align: right;\n",
       "    }\n",
       "</style>\n",
       "<table border=\"1\" class=\"dataframe\">\n",
       "  <thead>\n",
       "    <tr style=\"text-align: right;\">\n",
       "      <th>j</th>\n",
       "      <th>0.0</th>\n",
       "      <th>1.0</th>\n",
       "      <th>2.0</th>\n",
       "    </tr>\n",
       "    <tr>\n",
       "      <th>(m1, m2)</th>\n",
       "      <th></th>\n",
       "      <th></th>\n",
       "      <th></th>\n",
       "    </tr>\n",
       "  </thead>\n",
       "  <tbody>\n",
       "    <tr>\n",
       "      <th>(-0.5, 0.5)</th>\n",
       "      <td>0</td>\n",
       "      <td>-0.707107</td>\n",
       "      <td>0.707107</td>\n",
       "    </tr>\n",
       "    <tr>\n",
       "      <th>(0.5, -0.5)</th>\n",
       "      <td>0</td>\n",
       "      <td>0.707107</td>\n",
       "      <td>0.707107</td>\n",
       "    </tr>\n",
       "  </tbody>\n",
       "</table>\n",
       "</div>"
      ],
      "text/plain": [
       "j            0.0       1.0       2.0\n",
       "(m1, m2)                            \n",
       "(-0.5, 0.5)    0 -0.707107  0.707107\n",
       "(0.5, -0.5)    0  0.707107  0.707107"
      ]
     },
     "metadata": {},
     "output_type": "display_data"
    },
    {
     "name": "stdout",
     "output_type": "stream",
     "text": [
      "m = 1.0:\n"
     ]
    },
    {
     "data": {
      "text/html": [
       "<div>\n",
       "<style scoped>\n",
       "    .dataframe tbody tr th:only-of-type {\n",
       "        vertical-align: middle;\n",
       "    }\n",
       "\n",
       "    .dataframe tbody tr th {\n",
       "        vertical-align: top;\n",
       "    }\n",
       "\n",
       "    .dataframe thead th {\n",
       "        text-align: right;\n",
       "    }\n",
       "</style>\n",
       "<table border=\"1\" class=\"dataframe\">\n",
       "  <thead>\n",
       "    <tr style=\"text-align: right;\">\n",
       "      <th>j</th>\n",
       "      <th>1.0</th>\n",
       "      <th>2.0</th>\n",
       "    </tr>\n",
       "    <tr>\n",
       "      <th>(m1, m2)</th>\n",
       "      <th></th>\n",
       "      <th></th>\n",
       "    </tr>\n",
       "  </thead>\n",
       "  <tbody>\n",
       "    <tr>\n",
       "      <th>(0.5, 0.5)</th>\n",
       "      <td>-0.500000</td>\n",
       "      <td>0.866025</td>\n",
       "    </tr>\n",
       "    <tr>\n",
       "      <th>(1.5, -0.5)</th>\n",
       "      <td>0.866025</td>\n",
       "      <td>0.500000</td>\n",
       "    </tr>\n",
       "  </tbody>\n",
       "</table>\n",
       "</div>"
      ],
      "text/plain": [
       "j                 1.0       2.0\n",
       "(m1, m2)                       \n",
       "(0.5, 0.5)  -0.500000  0.866025\n",
       "(1.5, -0.5)  0.866025  0.500000"
      ]
     },
     "metadata": {},
     "output_type": "display_data"
    },
    {
     "name": "stdout",
     "output_type": "stream",
     "text": [
      "m = 2.0:\n"
     ]
    },
    {
     "data": {
      "text/html": [
       "<div>\n",
       "<style scoped>\n",
       "    .dataframe tbody tr th:only-of-type {\n",
       "        vertical-align: middle;\n",
       "    }\n",
       "\n",
